3.580891509890208454e+03
-5.766013868431655283e+03
1.284093630455322170e+02
1.871452502301059722e+05
9.028506717497433419e+04
3.245261777277607962e+03
2.461874951797053157e+01
8.007811420437983330e+00
-4.343750127812500139e-01
-5.882657556831168932e+01
3.475468709668873402e+01
3.571873715125448712e+00
3.368749304562812963e+00
0.000000000000000000e+00
-2.622656363174259653e+01
-1.909531313618297688e+01
-1.834375072696439801e+01
-6.665625267530667308e+00
-3.796875130093877448e+00
-4.623437721374964227e+00
-1.162812533065415899e+01
-1.101875036427907872e+01
6.640624476531861831e+00
6.168749292625525626e+00
9.079999699352116238e+01
2.130312476850012615e+01
-7.600625591737379239e+01
4.397187425221815715e+01
-2.118750022531183053e+00
1.258437487806195954e+01
-3.933750420253088009e+01
-5.445937733236446121e+01
8.531249937187532772e-01
2.987031172422797454e+02
-6.878125208718222083e+00
-2.177187567208559358e+02
-1.553437558809052632e+01
-1.613125054402785707e+01
-3.589062728115010259e+01
0.000000000000000000e+00
1.150624768003117460e+01
9.118749801299135527e+01
-1.681250057277843979e+01
-2.571406338214939780e+01
-1.925781356527708255e+01
-6.661406442782464410e+01
-2.881250072218743075e+00
6.728437291978143264e+01
3.518749616500085775e+00
1.853123101875347123e+00
1.001718687784458162e+01
-2.701563421124651310e+00
-2.666093864452365381e+01
2.632062432228119064e+02
-1.173093798101402854e+02
-1.902187555068324443e+01
-1.199390658713421516e+02
-5.747031431786118105e+01
3.936874916922037926e+01
-6.832812721093183939e+00
-3.593750556124855056e+00
-3.854531410061544250e+01
-4.746875164718639795e+00
4.255310938450019620e+01
1.387499972125008973e+00
-6.562504237500187132e-02
-5.343750545937524521e-01
-7.937500490937562381e-01
3.593749387812447127e-01
-1.912500048499891081e+00
-2.000000069062503050e-01
-3.446875082750071151e+00
2.774999955437524868e+00
3.093749829374982108e-01
2.640624903812547775e+00
-1.296875028187472578e+00
-1.381250058781192447e+00
-6.687500192187526560e-01
0.000000000000000000e+00
-2.281250063437502140e-01
8.656249935625034420e-01
-3.312500042499996189e-01
3.156249614999966924e-01
-4.593750124374998411e-01
0.000000000000000000e+00
-1.078125064749990925e+00
-7.187500399375048588e-01
-1.731250051874890561e+00
-4.468750127500000224e-01
-1.195156288881000428e+01
-1.337500037999958424e+00
-4.593750124687498992e-01
-6.625000192812527944e-01
-4.968751199062585999e-01
-7.578125498125063420e-01
-1.750000074062503796e-01
-2.293750083937401207e+00
5.156250005624990473e-01
-3.375000582500032320e-01
7.749999951875022886e-01
6.218749875937494842e-01
0.000000000000000000e+00
9.106233872656758876e+00
-1.487500024343702876e+00
6.281249872812496582e-01
3.787499675468774640e+00
